Accuracy: 93.89
[1283.65, 132.35, 2.44, 4.02, 4.21, 5.72] => [5.1557722091674805, 0.6014251708984375, 0.8372676968574524, 0.7915456891059875] (expected [3.0, 0.1, 0.85, 0.1])
[212.65, 132.2, 1.86, 3.41, 3.43, 5.11] => [5.1557722091674805, 0.6014251708984375, 0.8372676968574524, 0.7915456891059875] (expected [3.0, 0.1, 0.85, 0.6])
[119.04, 134.71, 1.57, 3.19, 3.13, 4.9] => [5.1557722091674805, 0.6014251708984375, 0.8372676968574524, 0.7915456891059875] (expected [3.0, 0.1, 0.85, 1.1])
[84.51, 137.47, 1.45, 3.07, 2.96, 4.77] => [5.1557722091674805, 0.6014251708984375, 0.8372676968574524, 0.7915456891059875] (expected [3.0, 0.1, 0.85, 1.6])
[229.0, 107.22, 1.85, 3.1, 3.74, 4.44] => [5.1557722091674805, 0.6014251708984375, 0.8372676968574524, 0.7915456891059875] (expected [3.0, 0.1, 1.35, 0.6])
[126.41, 108.44, 1.6, 2.89, 3.39, 4.23] => [5.1557722091674805, 0.6014251708984375, 0.8372676968574524, 0.7915456891059875] (expected [3.0, 0.1, 1.35, 1.1])
[89.11, 110.16, 1.49, 2.75, 3.15, 4.1] => [5.1557722091674805, 0.6014251708984375, 0.8372676968574524, 0.7915456891059875] (expected [3.0, 0.1, 1.35, 1.6])
[191.07, 20.07, 2.04, 3.59, 3.74, 5.3] => [5.1557722091674805, 0.6014251708984375, 0.8372676968574524, 0.7915456891059875] (expected [3.0, 0.6, 0.85, 0.1])
[31.12, 19.74, 1.27, 2.86, 2.84, 4.56] => [3.6802194118499756, 0.5847432613372803, 0.6726168394088745, 0.9677577018737793] (expected [3.0, 0.6, 0.85, 0.6])
[19.23, 21.48, 1.08, 2.64, 2.46, 4.34] => [3.496058225631714, 0.5826612710952759, 0.6520670652389526, 0.9897503852844238] (expected [3.0, 0.6, 0.85, 1.1])
[14.89, 23.22, 0.92, 2.52, 2.22, 4.22] => [3.1751935482025146, 0.5790336728096008, 0.6162630915641785, 1.0280683040618896] (expected [3.0, 0.6, 0.85, 1.6])
[242.08, 18.31, 2.02, 3.29, 3.87, 4.64] => [5.1557722091674805, 0.6014251708984375, 0.8372676968574524, 0.7915456891059875] (expected [3.0, 0.6, 1.35, 0.1])
[34.86, 16.39, 1.33, 2.56, 3.08, 3.92] => [2.8528358936309814, 0.5753892660140991, 0.5802925229072571, 1.066564679145813] (expected [3.0, 0.6, 1.35, 0.6])
[20.59, 17.37, 1.11, 2.34, 2.64, 3.69] => [3.3160130977630615, 0.5806257128715515, 0.6319765448570251, 1.0112515687942505] (expected [3.0, 0.6, 1.35, 1.1])
[15.62, 18.57, 0.95, 2.19, 2.36, 3.55] => [3.2225513458251953, 0.5795691013336182, 0.6215475797653198, 1.0224127769470215] (expected [3.0, 0.6, 1.35, 1.6])
-----------------------------------------------------
[7.28, 7.11, 0.66, 2.21, 1.89, 3.92] => [4.66251277923584, 2.890904426574707, 0.7674365043640137, 1.0722054243087769] (expected [4.0, 2.1, 0.85, 1.1])
[10.06, 5.93, 0.85, 2.41, 2.31, 4.1] => [4.487281322479248, 2.889376401901245, 0.9279339909553528, 0.7126704454421997] (expected [4.0, 2.1, 0.85, 0.6])
[68.2, 6.48, 1.79, 3.3, 3.32, 5.01] => [5.147080421447754, 2.629037618637085, 1.1640079021453857, 0.2683457136154175] (expected [4.0, 2.1, 0.85, 0.1])
[9.79, 8.16, 0.7, 1.75, 1.88, 2.9] => [4.431310653686523, 2.329685926437378, 0.788262665271759, 0.9549176096916199] (expected [4.0, 1.6, 1.85, 1.6])
[12.55, 7.49, 0.79, 1.86, 2.17, 3.02] => [3.941725969314575, 2.0997681617736816, 0.8760918974876404, 0.6937010288238525] (expected [4.0, 1.6, 1.85, 1.1])
[21.34, 7.1, 1.09, 2.1, 2.59, 3.25] => [4.09249210357666, 2.059387683868408, 0.956193208694458, 0.5384787917137146] (expected [4.0, 1.6, 1.85, 0.6])
[209.0, 10.23, 1.7, 2.78, 2.94, 3.93] => [5.149583339691162, 2.0451455116271973, 1.0699164867401123, 0.4190117418766022] (expected [4.0, 1.6, 1.85, 0.1])
[9.38, 9.46, 0.66, 1.92, 1.79, 3.26] => [4.387430191040039, 2.2368226051330566, 0.7348156571388245, 1.0550923347473145] (expected [4.0, 1.6, 1.35, 1.6])
[11.75, 8.57, 0.77, 2.01, 2.01, 3.37] => [4.344762325286865, 2.204847574234009, 0.8443551063537598, 0.8160238265991211] (expected [4.0, 1.6, 1.35, 1.1])
[18.73, 7.79, 1.04, 2.24, 2.4, 3.58] => [4.288508892059326, 2.1307015419006348, 0.9892331957817078, 0.4972060024738312] (expected [4.0, 1.6, 1.35, 0.6])
[154.54, 9.83, 1.73, 2.96, 3.03, 4.3] => [5.149804592132568, 1.9935342073440552, 1.061599612236023, 0.432329386472702] (expected [4.0, 1.6, 1.35, 0.1])
[9.0, 11.81, 0.63, 2.23, 1.71, 3.94] => [4.571488380432129, 2.348304271697998, 0.680451512336731, 1.2004828453063965] (expected [4.0, 1.6, 0.85, 1.6])
[11.05, 10.58, 0.75, 2.33, 1.91, 4.03] => [4.347827911376953, 2.1139822006225586, 0.7800477147102356, 0.9447355270385742] (expected [4.0, 1.6, 0.85, 1.1])
[16.61, 9.28, 0.96, 2.51, 2.27, 4.21] => [4.100527763366699, 1.9191988706588745, 0.9344184398651123, 0.5737866759300232] (expected [4.0, 1.6, 0.85, 0.6])
[105.45, 9.69, 1.69, 3.24, 3.12, 4.94] => [5.150088787078857, 1.9272682666778564, 1.050921082496643, 0.4494284987449646] (expected [4.0, 1.6, 0.85, 0.1])
-----------------------------------------------------
[10.31, 11.95, 0.6, 2.19, 1.51, 3.88] => [5.457673072814941, 2.9195501804351807, 0.7140121459960938, 1.2792880535125732] (expected [5.0, 2.1, 0.85, 1.6])
[12.82, 10.82, 0.68, 2.26, 1.67, 3.96] => [5.2780961990356445, 2.7264981269836426, 0.8065006732940674, 1.04707670211792] (expected [5.0, 2.1, 0.85, 1.1])
[19.68, 9.64, 0.85, 2.42, 1.95, 4.12] => [4.65101432800293, 2.1419668197631836, 0.9756271839141846, 0.5687468647956848] (expected [5.0, 2.1, 0.85, 0.6])
[124.0, 9.99, 1.46, 3.02, 2.67, 4.73] => [5.149076461791992, 2.163443088531494, 1.0889796018600464, 0.3884865641593933] (expected [5.0, 2.1, 0.85, 0.1])
[16.67, 12.15, 0.66, 1.74, 1.63, 2.9] => [5.146866798400879, 2.264220714569092, 0.8314532041549683, 0.9408231973648071] (expected [5.0, 1.6, 1.85, 1.6])
[22.43, 11.51, 0.81, 1.84, 1.78, 2.99] => [4.710081577301025, 1.8362027406692505, 0.9573631286621094, 0.5887840986251831] (expected [5.0, 1.6, 1.85, 1.1])
[39.34, 11.16, 0.97, 2.01, 2.04, 3.16] => [5.151568412780762, 1.5821361541748047, 0.9953047037124634, 0.5384855270385742] (expected [5.0, 1.6, 1.85, 0.6])
[318.34, 13.85, 1.47, 2.53, 2.48, 3.68] => [5.151906967163086, 1.5031707286834717, 0.98257976770401, 0.5588615536689758] (expected [5.0, 1.6, 1.85, 0.1])
[15.99, 13.99, 0.69, 1.92, 1.58, 3.27] => [5.365972518920898, 2.3440134525299072, 0.8015465140342712, 1.0359442234039307] (expected [5.0, 1.6, 1.35, 1.6])
[21.11, 13.11, 0.77, 2.0, 1.73, 3.36] => [4.963093280792236, 1.9740136861801147, 0.9118480682373047, 0.7256202697753906] (expected [5.0, 1.6, 1.35, 1.1])
[35.45, 12.38, 0.92, 2.17, 1.97, 3.52] => [5.147770404815674, 1.5916976928710938, 0.9964331388473511, 0.5364559292793274] (expected [5.0, 1.6, 1.35, 0.6])
[256.76, 14.1, 1.45, 2.69, 2.52, 4.05] => [5.152624130249023, 1.3358685970306396, 0.9556198120117188, 0.6020317673683167] (expected [5.0, 1.6, 1.35, 0.1])
[15.36, 17.37, 0.66, 2.26, 1.54, 3.96] => [5.246915340423584, 2.187066078186035, 0.715097188949585, 1.1918636560440063] (expected [5.0, 1.6, 0.85, 1.6])
[19.87, 16.11, 0.75, 2.33, 1.69, 4.04] => [5.266819477081299, 2.062561273574829, 0.8549810647964478, 0.8882126808166504] (expected [5.0, 1.6, 0.85, 1.1])
[32.06, 14.82, 0.9, 2.47, 1.94, 4.19] => [4.985593795776367, 1.539475440979004, 0.9701929092407227, 0.568850576877594] (expected [5.0, 1.6, 0.85, 0.6])




Accuracy: 97.16
[10.31, 11.95, 0.6, 2.19, 1.51, 3.88] => [5.765742301940918, 2.26961612701416, 0.784034788608551, 1.2908602952957153] (expected [5.0, 2.1, 0.85, 1.6])
[12.82, 10.82, 0.68, 2.26, 1.67, 3.96] => [5.199151039123535, 1.7967711687088013, 0.7509489059448242, 1.2160111665725708] (expected [5.0, 2.1, 0.85, 1.1])
[19.68, 9.64, 0.85, 2.42, 1.95, 4.12] => [4.970255374908447, 2.0193653106689453, 0.7850794196128845, 0.7712427377700806] (expected [5.0, 2.1, 0.85, 0.6])
[124.0, 9.99, 1.46, 3.02, 2.67, 4.73] => [4.261294364929199, 1.8046497106552124, 1.0198960304260254, 0.0] (expected [5.0, 2.1, 0.85, 0.1])
[16.67, 12.15, 0.66, 1.74, 1.63, 2.9] => [5.121728897094727, 1.5681439638137817, 0.7409136295318604, 1.2660876512527466] (expected [5.0, 1.6, 1.85, 1.6])
[22.43, 11.51, 0.81, 1.84, 1.78, 2.99] => [4.971100807189941, 1.598253607749939, 0.7580863237380981, 1.026930570602417] (expected [5.0, 1.6, 1.85, 1.1])
[39.34, 11.16, 0.97, 2.01, 2.04, 3.16] => [4.961997032165527, 1.9930065870285034, 0.8282433152198792, 0.4311760663986206] (expected [5.0, 1.6, 1.85, 0.6])
[318.34, 13.85, 1.47, 2.53, 2.48, 3.68] => [5.8057427406311035, 1.6909540891647339, 1.2634607553482056, 0.0] (expected [5.0, 1.6, 1.85, 0.1])
[15.99, 13.99, 0.69, 1.92, 1.58, 3.27] => [5.31591272354126, 1.72205650806427, 0.755617618560791, 1.2663054466247559] (expected [5.0, 1.6, 1.35, 1.6])
[21.11, 13.11, 0.77, 2.0, 1.73, 3.36] => [4.832603454589844, 1.2894686460494995, 0.7306616306304932, 1.1800055503845215] (expected [5.0, 1.6, 1.35, 1.1])
[35.45, 12.38, 0.92, 2.17, 1.97, 3.52] => [5.096014976501465, 1.9640179872512817, 0.8144810199737549, 0.632340669631958] (expected [5.0, 1.6, 1.35, 0.6])
[256.76, 14.1, 1.45, 2.69, 2.52, 4.05] => [5.713003635406494, 1.2219033241271973, 1.1950286626815796, 0.0] (expected [5.0, 1.6, 1.35, 0.1])
[15.36, 17.37, 0.66, 2.26, 1.54, 3.96] => [5.489449977874756, 1.8707014322280884, 0.7686726450920105, 1.2660040855407715] (expected [5.0, 1.6, 0.85, 1.6])
[19.87, 16.11, 0.75, 2.33, 1.69, 4.04] => [5.008689880371094, 1.4507085084915161, 0.7437322735786438, 1.1799826622009277] (expected [5.0, 1.6, 0.85, 1.1])
[32.06, 14.82, 0.9, 2.47, 1.94, 4.19] => [4.593385696411133, 1.2126699686050415, 0.7488096952438354, 0.8845669627189636] (expected [5.0, 1.6, 0.85, 0.6])




Accuracy: 91.05
[1283.65, 132.35, 2.44, 4.02, 4.21, 5.72] => [5.596713066101074, 0.0, 0.8169278502464294, 0.7172105312347412] (expected [3.0, 0.1, 0.85, 0.1])
[212.65, 132.2, 1.86, 3.41, 3.43, 5.11] => [5.440032005310059, 0.0, 0.873015820980072, 0.7919117212295532] (expected [3.0, 0.1, 0.85, 0.6])
[119.04, 134.71, 1.57, 3.19, 3.13, 4.9] => [5.425864219665527, 0.2925412654876709, 0.8780876994132996, 0.798666775226593] (expected [3.0, 0.1, 0.85, 1.1])
[84.51, 137.47, 1.45, 3.07, 2.96, 4.77] => [5.421529769897461, 0.3834850788116455, 0.8796390891075134, 0.8007330298423767] (expected [3.0, 0.1, 0.85, 1.6])
[229.0, 107.22, 1.85, 3.1, 3.74, 4.44] => [5.433149337768555, 0.13966155052185059, 0.8754797577857971, 0.7951934337615967] (expected [3.0, 0.1, 1.35, 0.6])
[126.41, 108.44, 1.6, 2.89, 3.39, 4.23] => [5.417546272277832, 0.46709513664245605, 0.8810653686523438, 0.8026326298713684] (expected [3.0, 0.1, 1.35, 1.1])
[89.11, 110.16, 1.49, 2.75, 3.15, 4.1] => [5.412240028381348, 0.5784413814544678, 0.8829647898674011, 0.8051623702049255] (expected [3.0, 0.1, 1.35, 1.6])
[191.07, 20.07, 2.04, 3.59, 3.74, 5.3] => [5.3597517013549805, 1.679900884628296, 0.9017542600631714, 0.8301872611045837] (expected [3.0, 0.6, 0.85, 0.1])
[31.12, 19.74, 1.27, 2.86, 2.84, 4.56] => [5.34221076965332, 2.044976234436035, 0.9080218076705933, 0.8384838700294495] (expected [3.0, 0.6, 0.85, 0.6])
[19.23, 21.48, 1.08, 2.64, 2.46, 4.34] => [3.5671205520629883, 1.1899826526641846, 0.6550173759460449, 0.8369472026824951] (expected [3.0, 0.6, 0.85, 1.1])
[14.89, 23.22, 0.92, 2.52, 2.22, 4.22] => [3.494842052459717, 1.1542872190475464, 0.6440714597702026, 0.8368566036224365] (expected [3.0, 0.6, 0.85, 1.6])
[242.08, 18.31, 2.02, 3.29, 3.87, 4.64] => [5.3662214279174805, 1.5441303253173828, 0.8994381427764893, 0.827102541923523] (expected [3.0, 0.6, 1.35, 0.1])
[34.86, 16.39, 1.33, 2.56, 3.08, 3.92] => [5.334423065185547, 2.045705556869507, 0.9101848006248474, 0.8386197090148926] (expected [3.0, 0.6, 1.35, 0.6])
[20.59, 17.37, 1.11, 2.34, 2.64, 3.69] => [4.17971658706665, 1.4925189018249512, 0.7477892637252808, 0.8377153277397156] (expected [3.0, 0.6, 1.35, 1.1])
[15.62, 18.57, 0.95, 2.19, 2.36, 3.55] => [3.2579188346862793, 1.037280559539795, 0.608191728591919, 0.836559534072876] (expected [3.0, 0.6, 1.35, 1.6])
-----------------------------------------------------
[7.28, 7.11, 0.66, 2.21, 1.89, 3.92] => [4.376894474029541, 2.990654706954956, 0.6713813543319702, 0.9221580028533936] (expected [4.0, 2.1, 0.85, 1.1])
[10.06, 5.93, 0.85, 2.41, 2.31, 4.1] => [3.695018768310547, 2.624575614929199, 0.5705007314682007, 0.9195346832275391] (expected [4.0, 2.1, 0.85, 0.6])
[68.2, 6.48, 1.79, 3.3, 3.32, 5.01] => [4.8359222412109375, 3.0700435638427734, 0.751832127571106, 0.9138877987861633] (expected [4.0, 2.1, 0.85, 0.1])
[9.79, 8.16, 0.7, 1.75, 1.88, 2.9] => [4.5313005447387695, 2.52519154548645, 0.7353874444961548, 0.8898071646690369] (expected [4.0, 1.6, 1.85, 1.6])
[12.55, 7.49, 0.79, 1.86, 2.17, 3.02] => [3.9117591381073, 2.1357572078704834, 0.6479941606521606, 0.8840098977088928] (expected [4.0, 1.6, 1.85, 1.1])
[21.34, 7.1, 1.09, 2.1, 2.59, 3.25] => [5.5716986656188965, 2.990772008895874, 0.8953679800033569, 0.8894169926643372] (expected [4.0, 1.6, 1.85, 0.6])
[209.0, 10.23, 1.7, 2.78, 2.94, 3.93] => [5.3424530029296875, 2.042914390563965, 0.9079467058181763, 0.8384348154067993] (expected [4.0, 1.6, 1.85, 0.1])
[9.38, 9.46, 0.66, 1.92, 1.79, 3.26] => [4.607884407043457, 2.434990406036377, 0.7565749883651733, 0.8822124004364014] (expected [4.0, 1.6, 1.35, 1.6])
[11.75, 8.57, 0.77, 2.01, 2.01, 3.37] => [4.376666069030762, 2.381192445755005, 0.71708744764328, 0.8855485916137695] (expected [4.0, 1.6, 1.35, 1.1])
[18.73, 7.79, 1.04, 2.24, 2.4, 3.58] => [4.807089805603027, 2.6142163276672363, 0.7806209325790405, 0.8873211741447449] (expected [4.0, 1.6, 1.35, 0.6])
[154.54, 9.83, 1.73, 2.96, 3.03, 4.3] => [5.341411590576172, 2.045051097869873, 0.9082438349723816, 0.8384978175163269] (expected [4.0, 1.6, 1.35, 0.1])
[9.0, 11.81, 0.63, 2.23, 1.71, 3.94] => [4.535998821258545, 2.089690923690796, 0.768962562084198, 0.8635092377662659] (expected [4.0, 1.6, 0.85, 1.6])
[11.05, 10.58, 0.75, 2.33, 1.91, 4.03] => [4.4881272315979, 2.2449135780334473, 0.748299241065979, 0.8741947412490845] (expected [4.0, 1.6, 0.85, 1.1])
[16.61, 9.28, 0.96, 2.51, 2.27, 4.21] => [4.373093605041504, 2.275499105453491, 0.7243487238883972, 0.8793001174926758] (expected [4.0, 1.6, 0.85, 0.6])
[105.45, 9.69, 1.69, 3.24, 3.12, 4.94] => [5.338324069976807, 2.0453402996063232, 0.9091013073921204, 0.8385516405105591] (expected [4.0, 1.6, 0.85, 0.1])
-----------------------------------------------------
[11.49, 7.08, 0.96, 2.49, 2.49, 4.21] => [3.25395131111145, 1.991617202758789, 0.5349844694137573, 0.8940367698669434] (expected [3.5, 1.6, 0.85, 0.6])
[75.13, 7.6, 1.91, 3.42, 3.53, 5.11] => [5.025149345397949, 2.4260711669921875, 0.8357928395271301, 0.8698230981826782] (expected [3.5, 1.6, 0.85, 0.1])
[11.7, 10.45, 0.76, 1.84, 2.12, 3.01] => [3.4922494888305664, 1.2120634317398071, 0.6383600234985352, 0.8404325246810913] (expected [3.5, 1.1, 1.85, 1.6])
[15.39, 9.71, 0.92, 1.99, 2.42, 3.14] => [3.272033214569092, 1.0815277099609375, 0.6067038774490356, 0.8388457894325256] (expected [3.5, 1.1, 1.85, 1.1])
[229.41, 12.28, 1.82, 2.9, 3.28, 4.05] => [5.350557327270508, 1.872854471206665, 0.905045747756958, 0.8345710635185242] (expected [3.5, 1.1, 1.85, 0.1])
[11.18, 12.12, 0.79, 2.01, 1.99, 3.37] => [4.009704113006592, 1.408556580543518, 0.7220423817634583, 0.837502121925354] (expected [3.5, 1.1, 1.35, 1.6])
[14.36, 11.12, 0.89, 2.12, 2.24, 3.49] => [3.6651971340179443, 1.237737774848938, 0.6693727970123291, 0.8370485305786133] (expected [3.5, 1.1, 1.35, 1.1])
[23.43, 10.26, 1.11, 2.35, 2.64, 3.71] => [5.441978454589844, 2.298114776611328, 0.9233210682868958, 0.8503136038780212] (expected [3.5, 1.1, 1.35, 0.6])
[179.05, 12.26, 1.82, 3.09, 3.33, 4.43] => [5.352404594421387, 1.8340771198272705, 0.9043842554092407, 0.8336900472640991] (expected [3.5, 1.1, 1.35, 0.1])
[10.73, 15.14, 0.77, 2.35, 1.88, 4.04] => [4.251071929931641, 1.5277584791183472, 0.75859534740448, 0.8378047347068787] (expected [3.5, 1.1, 0.85, 1.6])
[13.45, 13.73, 0.88, 2.44, 2.1, 4.14] => [4.041318893432617, 1.4241700172424316, 0.726830244064331, 0.8375417590141296] (expected [3.5, 1.1, 0.85, 1.1])
[20.85, 12.27, 1.09, 2.64, 2.46, 4.34] => [4.362371444702148, 1.5827245712280273, 0.7754504680633545, 0.8379443287849426] (expected [3.5, 1.1, 0.85, 0.6])
[129.96, 12.64, 1.83, 3.37, 3.35, 5.08] => [5.346745491027832, 1.9528415203094482, 0.9064102172851562, 0.836388349533081] (expected [3.5, 1.1, 0.85, 0.1])
[22.97, 20.67, 0.99, 2.01, 2.26, 3.17] => [5.344202995300293, 2.0061869621276855, 0.9073202610015869, 0.8376003503799438] (expected [3.5, 0.6, 1.85, 1.6])
[31.78, 19.84, 1.07, 2.13, 2.5, 3.29] => [5.34705924987793, 1.9462497234344482, 0.9062978029251099, 0.8362386226654053] (expected [3.5, 0.6, 1.85, 1.1])
-----------------------------------------------------
[10.31, 11.95, 0.6, 2.19, 1.51, 3.88] => [5.41983699798584, 2.7070045471191406, 0.8890029788017273, 0.8754892349243164] (expected [5.0, 2.1, 0.85, 1.6])
[12.82, 10.82, 0.68, 2.26, 1.67, 3.96] => [5.392727851867676, 2.8654963970184326, 0.8720027208328247, 0.8857813477516174] (expected [5.0, 2.1, 0.85, 1.1])
[19.68, 9.64, 0.85, 2.42, 1.95, 4.12] => [6.000382900238037, 3.2123098373413086, 0.9537806510925293, 0.8955877423286438] (expected [5.0, 2.1, 0.85, 0.6])
[124.0, 9.99, 1.46, 3.02, 2.67, 4.73] => [5.34567928314209, 1.9752113819122314, 0.9067918062210083, 0.8368965983390808] (expected [5.0, 2.1, 0.85, 0.1])
[16.67, 12.15, 0.66, 1.74, 1.63, 2.9] => [5.556075096130371, 2.355991840362549, 0.922031044960022, 0.855426549911499] (expected [5.0, 1.6, 1.85, 1.6])
[22.43, 11.51, 0.81, 1.84, 1.78, 2.99] => [5.577761173248291, 2.3678643703460693, 0.9230345487594604, 0.8566488027572632] (expected [5.0, 1.6, 1.85, 1.1])
[39.34, 11.16, 0.97, 2.01, 2.04, 3.16] => [5.403065204620361, 2.0881845951080322, 0.9115915298461914, 0.8422640562057495] (expected [5.0, 1.6, 1.85, 0.6])
[318.34, 13.85, 1.47, 2.53, 2.48, 3.68] => [5.360028266906738, 1.6741023063659668, 0.901655375957489, 0.8300554752349854] (expected [5.0, 1.6, 1.85, 0.1])
[15.99, 13.99, 0.69, 1.92, 1.58, 3.27] => [5.329946517944336, 2.0461246967315674, 0.911427915096283, 0.8386977910995483] (expected [5.0, 1.6, 1.35, 1.6])
[21.11, 13.11, 0.77, 2.0, 1.73, 3.36] => [5.434938430786133, 2.131565809249878, 0.9135398268699646, 0.8446999788284302] (expected [5.0, 1.6, 1.35, 1.1])
[35.45, 12.38, 0.92, 2.17, 1.97, 3.52] => [5.349598407745361, 2.0034666061401367, 0.9081053733825684, 0.8378831744194031] (expected [5.0, 1.6, 1.35, 0.6])
[256.76, 14.1, 1.45, 2.69, 2.52, 4.05] => [5.3647966384887695, 1.5740431547164917, 0.8999484181404114, 0.827782154083252] (expected [5.0, 1.6, 1.35, 0.1])
[15.36, 17.37, 0.66, 2.26, 1.54, 3.96] => [5.309998512268066, 2.047992706298828, 0.9169679284095764, 0.8390457034111023] (expected [5.0, 1.6, 0.85, 1.6])
[19.87, 16.11, 0.75, 2.33, 1.69, 4.04] => [5.3417510986328125, 2.0450193881988525, 0.9081495404243469, 0.8384918570518494] (expected [5.0, 1.6, 0.85, 1.1])
[32.06, 14.82, 0.9, 2.47, 1.94, 4.19] => [5.343671798706055, 2.0173442363739014, 0.90751051902771, 0.8378538489341736] (expected [5.0, 1.6, 0.85, 0.6])
-----------------------------------------------------
[10.82, 6.88, 0.52, 1.55, 1.33, 2.71] => [6.479865074157715, 3.9404876232147217, 0.9844679832458496, 0.9340962171554565] (expected [7.0, 3.6, 1.85, 1.6])
[13.91, 6.38, 0.58, 1.63, 1.48, 2.79] => [6.533880233764648, 3.9624974727630615, 0.9868295788764954, 0.9369540810585022] (expected [7.0, 3.6, 1.85, 1.1])
[23.94, 6.08, 0.8, 1.79, 1.71, 2.95] => [6.437060356140137, 3.7922661304473877, 0.9802097678184509, 0.9286062121391296] (expected [7.0, 3.6, 1.85, 0.6])
[244.11, 8.84, 1.27, 2.31, 2.07, 3.47] => [5.6149444580078125, 2.5097858905792236, 0.926973819732666, 0.8617424964904785] (expected [7.0, 3.6, 1.85, 0.1])
[10.38, 7.92, 0.52, 1.74, 1.29, 3.08] => [6.415205478668213, 3.821603298187256, 0.9799520969390869, 0.9283930659294128] (expected [7.0, 3.6, 1.35, 1.6])
[13.1, 7.24, 0.62, 1.8, 1.44, 3.15] => [6.46524715423584, 3.8984949588775635, 0.9831711649894714, 0.93243408203125] (expected [7.0, 3.6, 1.35, 1.1])
[21.11, 6.65, 0.74, 1.95, 1.67, 3.3] => [6.460428714752197, 3.8400533199310303, 0.9819298386573792, 0.9307863116264343] (expected [7.0, 3.6, 1.35, 0.6])
[176.29, 8.35, 1.27, 2.48, 2.16, 3.84] => [5.711174011230469, 2.6518468856811523, 0.9330581426620483, 0.8693703413009644] (expected [7.0, 3.6, 1.35, 0.1])
[9.99, 9.82, 0.49, 2.06, 1.26, 3.77] => [6.246033668518066, 3.583024024963379, 0.9694596529006958, 0.9152586460113525] (expected [7.0, 3.6, 0.85, 1.6])
[12.31, 8.87, 0.6, 2.13, 1.39, 3.83] => [6.363555908203125, 3.7415881156921387, 0.9766177535057068, 0.9242060780525208] (expected [7.0, 3.6, 0.85, 1.1])
[18.82, 7.88, 0.75, 2.24, 1.62, 3.95] => [6.438108444213867, 3.813875436782837, 0.9806421995162964, 0.929184079170227] (expected [7.0, 3.6, 0.85, 0.6])
[119.6, 8.22, 1.27, 2.77, 2.22, 4.48] => [5.8101701736450195, 2.8038740158081055, 0.9394247531890869, 0.8773624897003174] (expected [7.0, 3.6, 0.85, 0.1])
[14.43, 8.89, 0.56, 1.59, 1.31, 2.75] => [6.224607467651367, 3.3795199394226074, 0.964968204498291, 0.9093214869499207] (expected [7.0, 3.1, 1.85, 1.6])
[19.14, 8.37, 0.63, 1.67, 1.45, 2.83] => [6.217282772064209, 3.3843860626220703, 0.9647912979125977, 0.9091275930404663] (expected [7.0, 3.1, 1.85, 1.1])
[33.23, 8.07, 0.8, 1.82, 1.65, 2.97] => [6.080873489379883, 3.162321090698242, 0.9557890295982361, 0.8978046178817749] (expected [7.0, 3.1, 1.85, 0.6])




Accuracy: 94.01
[1283.65, 132.35, 2.44, 4.02, 4.21, 5.72] => [5.483552932739258, 1.3966485261917114, 0.9005030989646912, 0.7279679179191589] (expected [3.0, 0.1, 0.85, 0.1])
[212.65, 132.2, 1.86, 3.41, 3.43, 5.11] => [5.483552932739258, 1.3966485261917114, 0.9005030989646912, 0.7279679179191589] (expected [3.0, 0.1, 0.85, 0.6])
[119.04, 134.71, 1.57, 3.19, 3.13, 4.9] => [5.483552932739258, 1.3966485261917114, 0.9005030989646912, 0.7279679179191589] (expected [3.0, 0.1, 0.85, 1.1])
[84.51, 137.47, 1.45, 3.07, 2.96, 4.77] => [5.483552932739258, 1.3966485261917114, 0.9005030989646912, 0.7279679179191589] (expected [3.0, 0.1, 0.85, 1.6])
[229.0, 107.22, 1.85, 3.1, 3.74, 4.44] => [5.483552932739258, 1.3966485261917114, 0.9005030989646912, 0.7279679179191589] (expected [3.0, 0.1, 1.35, 0.6])
[126.41, 108.44, 1.6, 2.89, 3.39, 4.23] => [5.483552932739258, 1.3966485261917114, 0.9005030989646912, 0.7279679179191589] (expected [3.0, 0.1, 1.35, 1.1])
[89.11, 110.16, 1.49, 2.75, 3.15, 4.1] => [5.483552932739258, 1.3966485261917114, 0.9005030989646912, 0.7279679179191589] (expected [3.0, 0.1, 1.35, 1.6])
[191.07, 20.07, 2.04, 3.59, 3.74, 5.3] => [5.483552932739258, 1.3966485261917114, 0.9005030989646912, 0.7279679179191589] (expected [3.0, 0.6, 0.85, 0.1])
[31.12, 19.74, 1.27, 2.86, 2.84, 4.56] => [3.7166192531585693, 0.9999412298202515, 0.7419775128364563, 0.7393032908439636] (expected [3.0, 0.6, 0.85, 0.6])
[19.23, 21.48, 1.08, 2.64, 2.46, 4.34] => [2.778791666030884, 0.7893826365470886, 0.6578376293182373, 0.7453197240829468] (expected [3.0, 0.6, 0.85, 1.1])
[14.89, 23.22, 0.92, 2.52, 2.22, 4.22] => [2.4447340965270996, 0.7143808603286743, 0.6278666257858276, 0.747462809085846] (expected [3.0, 0.6, 0.85, 1.6])
[242.08, 18.31, 2.02, 3.29, 3.87, 4.64] => [5.483552932739258, 1.3966485261917114, 0.9005030989646912, 0.7279679179191589] (expected [3.0, 0.6, 1.35, 0.1])
[34.86, 16.39, 1.33, 2.56, 3.08, 3.92] => [3.980501413345337, 1.0591872930526733, 0.7656524777412415, 0.737610399723053] (expected [3.0, 0.6, 1.35, 0.6])
[20.59, 17.37, 1.11, 2.34, 2.64, 3.69] => [2.983757972717285, 0.8354011178016663, 0.6762267351150513, 0.7440047860145569] (expected [3.0, 0.6, 1.35, 1.1])
[15.62, 18.57, 0.95, 2.19, 2.36, 3.55] => [2.732962131500244, 0.7790931463241577, 0.6537258625030518, 0.7456137537956238] (expected [3.0, 0.6, 1.35, 1.6])
-----------------------------------------------------
[7.28, 7.11, 0.66, 2.21, 1.89, 3.92] => [4.791086673736572, 2.790188789367676, 0.7556355595588684, 0.9768257141113281] (expected [4.0, 2.1, 0.85, 1.1])
[10.06, 5.93, 0.85, 2.41, 2.31, 4.1] => [4.866121292114258, 2.804859161376953, 0.7624837756156921, 0.976000964641571] (expected [4.0, 2.1, 0.85, 0.6])
[68.2, 6.48, 1.79, 3.3, 3.32, 5.01] => [4.996078014373779, 1.287202000617981, 0.8567678928375244, 0.7310951948165894] (expected [4.0, 2.1, 0.85, 0.1])
[9.79, 8.16, 0.7, 1.75, 1.88, 2.9] => [4.669951915740967, 2.288358449935913, 0.7701202630996704, 0.9027113318443298] (expected [4.0, 1.6, 1.85, 1.6])
[12.55, 7.49, 0.79, 1.86, 2.17, 3.02] => [4.448145866394043, 1.8512650728225708, 0.7709077596664429, 0.8430238962173462] (expected [4.0, 1.6, 1.85, 1.1])
[21.34, 7.1, 1.09, 2.1, 2.59, 3.25] => [5.207469463348389, 1.7221970558166504, 0.8550332188606262, 0.7908873558044434] (expected [4.0, 1.6, 1.85, 0.6])
[209.0, 10.23, 1.7, 2.78, 2.94, 3.93] => [5.483552932739258, 1.3966485261917114, 0.9005030989646912, 0.7279679179191589] (expected [4.0, 1.6, 1.85, 0.1])
[9.38, 9.46, 0.66, 1.92, 1.79, 3.26] => [4.708584785461426, 2.357121706008911, 0.7703766226768494, 0.9119449257850647] (expected [4.0, 1.6, 1.35, 1.6])
[11.75, 8.57, 0.77, 2.01, 2.01, 3.37] => [4.540838241577148, 1.9434125423431396, 0.775413453578949, 0.8536853194236755] (expected [4.0, 1.6, 1.35, 1.1])
[18.73, 7.79, 1.04, 2.24, 2.4, 3.58] => [5.170539379119873, 1.8095448017120361, 0.8466113209724426, 0.8062149286270142] (expected [4.0, 1.6, 1.35, 0.6])
[154.54, 9.83, 1.73, 2.96, 3.03, 4.3] => [5.483552932739258, 1.3966485261917114, 0.9005030989646912, 0.7279679179191589] (expected [4.0, 1.6, 1.35, 0.1])
[9.0, 11.81, 0.63, 2.23, 1.71, 3.94] => [4.612092971801758, 2.3326332569122314, 0.7618705034255981, 0.9121183156967163] (expected [4.0, 1.6, 0.85, 1.6])
[11.05, 10.58, 0.75, 2.33, 1.91, 4.03] => [4.5555644035339355, 2.049133539199829, 0.7712641358375549, 0.8697506189346313] (expected [4.0, 1.6, 0.85, 1.1])
[16.61, 9.28, 0.96, 2.51, 2.27, 4.21] => [4.499171733856201, 1.3168022632598877, 0.8046461343765259, 0.756557047367096] (expected [4.0, 1.6, 0.85, 0.6])
[105.45, 9.69, 1.69, 3.24, 3.12, 4.94] => [5.191987991333008, 1.331187129020691, 0.874344527721405, 0.7298383712768555] (expected [4.0, 1.6, 0.85, 0.1])
-----------------------------------------------------
[11.49, 7.08, 0.96, 2.49, 2.49, 4.21] => [4.208526611328125, 2.073281764984131, 0.7346768379211426, 0.8880815505981445] (expected [3.5, 1.6, 0.85, 0.6])
[75.13, 7.6, 1.91, 3.42, 3.53, 5.11] => [4.444013595581055, 1.163253903388977, 0.8072378635406494, 0.7346368432044983] (expected [3.5, 1.6, 0.85, 0.1])
[11.7, 10.45, 0.76, 1.84, 2.12, 3.01] => [3.8056201934814453, 1.3934725522994995, 0.7300092577934265, 0.7976739406585693] (expected [3.5, 1.1, 1.85, 1.6])
[15.39, 9.71, 0.92, 1.99, 2.42, 3.14] => [3.6440582275390625, 0.9836499691009521, 0.7354674935340881, 0.7397688031196594] (expected [3.5, 1.1, 1.85, 1.1])
[229.41, 12.28, 1.82, 2.9, 3.28, 4.05] => [5.483552932739258, 1.3966485261917114, 0.9005030989646912, 0.7279679179191589] (expected [3.5, 1.1, 1.85, 0.1])
[11.18, 12.12, 0.79, 2.01, 1.99, 3.37] => [3.9809956550598145, 1.599530816078186, 0.7368401288986206, 0.8228495121002197] (expected [3.5, 1.1, 1.35, 1.6])
[14.36, 11.12, 0.89, 2.12, 2.24, 3.49] => [3.7926487922668457, 1.0454598665237427, 0.747279167175293, 0.743304431438446] (expected [3.5, 1.1, 1.35, 1.1])
[23.43, 10.26, 1.11, 2.35, 2.64, 3.71] => [4.480859279632568, 1.1715264320373535, 0.8105435371398926, 0.7344004511833191] (expected [3.5, 1.1, 1.35, 0.6])
[179.05, 12.26, 1.82, 3.09, 3.33, 4.43] => [5.483552932739258, 1.3966485261917114, 0.9005030989646912, 0.7279679179191589] (expected [3.5, 1.1, 1.35, 0.1])
[10.73, 15.14, 0.77, 2.35, 1.88, 4.04] => [3.8775243759155273, 1.5699703693389893, 0.7278950214385986, 0.8225145936012268] (expected [3.5, 1.1, 0.85, 1.6])
[13.45, 13.73, 0.88, 2.44, 2.1, 4.14] => [3.822059154510498, 1.1880402565002441, 0.7426545023918152, 0.7645713090896606] (expected [3.5, 1.1, 0.85, 1.1])
[20.85, 12.27, 1.09, 2.64, 2.46, 4.34] => [4.188920021057129, 1.1059808731079102, 0.7843513488769531, 0.7362733483314514] (expected [3.5, 1.1, 0.85, 0.6])
[129.96, 12.64, 1.83, 3.37, 3.35, 5.08] => [5.117069244384766, 1.3143665790557861, 0.867622971534729, 0.7303190231323242] (expected [3.5, 1.1, 0.85, 0.1])
[22.97, 20.67, 0.99, 2.01, 2.26, 3.17] => [3.5329742431640625, 0.958709716796875, 0.725501298904419, 0.740481436252594] (expected [3.5, 0.6, 1.85, 1.6])
[31.78, 19.84, 1.07, 2.13, 2.5, 3.29] => [4.202081203460693, 1.108935832977295, 0.7855321764945984, 0.7361888885498047] (expected [3.5, 0.6, 1.85, 1.1])
-----------------------------------------------------
[10.31, 11.95, 0.6, 2.19, 1.51, 3.88] => [5.219217300415039, 2.5456490516662598, 0.8122431039810181, 0.9203266501426697] (expected [5.0, 2.1, 0.85, 1.6])
[12.82, 10.82, 0.68, 2.26, 1.67, 3.96] => [5.234804630279541, 2.2289977073669434, 0.8307425379753113, 0.8697106838226318] (expected [5.0, 2.1, 0.85, 1.1])
[19.68, 9.64, 0.85, 2.42, 1.95, 4.12] => [5.461974620819092, 1.4992371797561646, 0.8928285241127014, 0.7450580596923828] (expected [5.0, 2.1, 0.85, 0.6])
[124.0, 9.99, 1.46, 3.02, 2.67, 4.73] => [5.483552932739258, 1.3966485261917114, 0.9005030989646912, 0.7279679179191589] (expected [5.0, 2.1, 0.85, 0.1])
[16.67, 12.15, 0.66, 1.74, 1.63, 2.9] => [5.148627758026123, 1.5270042419433594, 0.8594746589660645, 0.7625502347946167] (expected [5.0, 1.6, 1.85, 1.6])
[22.43, 11.51, 0.81, 1.84, 1.78, 2.99] => [5.483552932739258, 1.3966485261917114, 0.9005030989646912, 0.7279679179191589] (expected [5.0, 1.6, 1.85, 1.1])
[39.34, 11.16, 0.97, 2.01, 2.04, 3.16] => [5.013556480407715, 1.2911261320114136, 0.8583360314369202, 0.7309830784797668] (expected [5.0, 1.6, 1.85, 0.6])
[318.34, 13.85, 1.47, 2.53, 2.48, 3.68] => [5.483552932739258, 1.3966485261917114, 0.9005030989646912, 0.7279679179191589] (expected [5.0, 1.6, 1.85, 0.1])
[15.99, 13.99, 0.69, 1.92, 1.58, 3.27] => [5.082793235778809, 1.5817344188690186, 0.8498551845550537, 0.7739406228065491] (expected [5.0, 1.6, 1.35, 1.6])
[21.11, 13.11, 0.77, 2.0, 1.73, 3.36] => [5.387659072875977, 1.3751187324523926, 0.8918997049331665, 0.7285830974578857] (expected [5.0, 1.6, 1.35, 1.1])
[35.45, 12.38, 0.92, 2.17, 1.97, 3.52] => [5.070295810699463, 1.3038651943206787, 0.8634265661239624, 0.7306190729141235] (expected [5.0, 1.6, 1.35, 0.6])
[256.76, 14.1, 1.45, 2.69, 2.52, 4.05] => [5.483552932739258, 1.3966485261917114, 0.9005030989646912, 0.7279679179191589] (expected [5.0, 1.6, 1.35, 0.1])
[15.36, 17.37, 0.66, 2.26, 1.54, 3.96] => [5.207851409912109, 1.667708158493042, 0.8579826354980469, 0.7822736501693726] (expected [5.0, 1.6, 0.85, 1.6])
[19.87, 16.11, 0.75, 2.33, 1.69, 4.04] => [5.285004615783691, 1.3520710468292236, 0.8826897740364075, 0.729241669178009] (expected [5.0, 1.6, 0.85, 1.1])
[32.06, 14.82, 0.9, 2.47, 1.94, 4.19] => [5.483552932739258, 1.3966485261917114, 0.9005030989646912, 0.7279679179191589] (expected [5.0, 1.6, 0.85, 0.6])
-----------------------------------------------------
[10.82, 6.88, 0.52, 1.55, 1.33, 2.71] => [6.168797016143799, 3.2040181159973145, 0.8736584186553955, 0.9844776391983032] (expected [7.0, 3.6, 1.85, 1.6])
[13.91, 6.38, 0.58, 1.63, 1.48, 2.79] => [6.161627769470215, 3.1851086616516113, 0.8739392757415771, 0.9817939400672913] (expected [7.0, 3.6, 1.85, 1.1])
[23.94, 6.08, 0.8, 1.79, 1.71, 2.95] => [5.798518180847168, 2.227386951446533, 0.888164222240448, 0.8458698987960815] (expected [7.0, 3.6, 1.85, 0.6])
[244.11, 8.84, 1.27, 2.31, 2.07, 3.47] => [5.483552932739258, 1.3966485261917114, 0.9005030989646912, 0.7279679179191589] (expected [7.0, 3.6, 1.85, 0.1])
[10.38, 7.92, 0.52, 1.74, 1.29, 3.08] => [6.1877264976501465, 3.253946304321289, 0.8729168176651001, 0.9915636777877808] (expected [7.0, 3.6, 1.35, 1.6])
[13.1, 7.24, 0.62, 1.8, 1.44, 3.15] => [6.105443000793457, 3.036919116973877, 0.876140296459198, 0.9607622623443604] (expected [7.0, 3.6, 1.35, 1.1])
[21.11, 6.65, 0.74, 1.95, 1.67, 3.3] => [5.9816412925720215, 2.7103841304779053, 0.8809902667999268, 0.9144189953804016] (expected [7.0, 3.6, 1.35, 0.6])
[176.29, 8.35, 1.27, 2.48, 2.16, 3.84] => [5.483552932739258, 1.3966485261917114, 0.9005030989646912, 0.7279679179191589] (expected [7.0, 3.6, 1.35, 0.1])
[9.99, 9.82, 0.49, 2.06, 1.26, 3.77] => [6.117372989654541, 3.209604501724243, 0.8681296706199646, 0.9875108003616333] (expected [7.0, 3.6, 0.85, 1.6])
[12.31, 8.87, 0.6, 2.13, 1.39, 3.83] => [6.074649333953857, 2.9556989669799805, 0.8773466348648071, 0.9492351412773132] (expected [7.0, 3.6, 0.85, 1.1])
[18.82, 7.88, 0.75, 2.24, 1.62, 3.95] => [5.944846153259277, 2.613335371017456, 0.8824317455291748, 0.90064537525177] (expected [7.0, 3.6, 0.85, 0.6])
[119.6, 8.22, 1.27, 2.77, 2.22, 4.48] => [5.483552932739258, 1.3966485261917114, 0.9005030989646912, 0.7279679179191589] (expected [7.0, 3.6, 0.85, 0.1])
[14.43, 8.89, 0.56, 1.59, 1.31, 2.75] => [5.940435409545898, 2.6017022132873535, 0.8826045393943787, 0.8989944458007812] (expected [7.0, 3.1, 1.85, 1.6])
[19.14, 8.37, 0.63, 1.67, 1.45, 2.83] => [5.784314155578613, 2.189923048019409, 0.8887206315994263, 0.8405529260635376] (expected [7.0, 3.1, 1.85, 1.1])
[33.23, 8.07, 0.8, 1.82, 1.65, 2.97] => [5.483552932739258, 1.3966485261917114, 0.9005030989646912, 0.7279679179191589] (expected [7.0, 3.1, 1.85, 0.6])




Accuracy: 92.25
[1283.65, 132.35, 2.44, 4.02, 4.21, 5.72] => [5.063359260559082, 0.0, 0.0, 0.0] (expected [3.0, 0.1, 0.85, 0.1])
[212.65, 132.2, 1.86, 3.41, 3.43, 5.11] => [4.3323564529418945, 0.0, 0.0, 0.0] (expected [3.0, 0.1, 0.85, 0.6])
[119.04, 134.71, 1.57, 3.19, 3.13, 4.9] => [4.051142692565918, 0.0, 0.0, 0.0] (expected [3.0, 0.1, 0.85, 1.1])
[84.51, 137.47, 1.45, 3.07, 2.96, 4.77] => [3.979597806930542, 0.0, 0.0, 0.0] (expected [3.0, 0.1, 0.85, 1.6])
[229.0, 107.22, 1.85, 3.1, 3.74, 4.44] => [4.200451850891113, 0.0, 0.0, 0.0] (expected [3.0, 0.1, 1.35, 0.6])
[126.41, 108.44, 1.6, 2.89, 3.39, 4.23] => [3.9246938228607178, 0.0, 0.0, 0.0] (expected [3.0, 0.1, 1.35, 1.1])
[89.11, 110.16, 1.49, 2.75, 3.15, 4.1] => [3.8847968578338623, 0.0, 0.0, 0.0] (expected [3.0, 0.1, 1.35, 1.6])
[191.07, 20.07, 2.04, 3.59, 3.74, 5.3] => [3.1012120246887207, 0.0, 0.0, 0.0] (expected [3.0, 0.6, 0.85, 0.1])
[31.12, 19.74, 1.27, 2.86, 2.84, 4.56] => [3.24271821975708, 0.0, 0.0, 0.0] (expected [3.0, 0.6, 0.85, 0.6])
[19.23, 21.48, 1.08, 2.64, 2.46, 4.34] => [3.476870536804199, 0.0, 0.0, 0.0] (expected [3.0, 0.6, 0.85, 1.1])
[14.89, 23.22, 0.92, 2.52, 2.22, 4.22] => [3.635070323944092, 0.0, 0.0, 0.0] (expected [3.0, 0.6, 0.85, 1.6])
[242.08, 18.31, 2.02, 3.29, 3.87, 4.64] => [3.0002870559692383, 0.0, 0.0, 0.0] (expected [3.0, 0.6, 1.35, 0.1])
[34.86, 16.39, 1.33, 2.56, 3.08, 3.92] => [3.0289032459259033, 0.0, 0.0, 0.0] (expected [3.0, 0.6, 1.35, 0.6])
[20.59, 17.37, 1.11, 2.34, 2.64, 3.69] => [3.2784030437469482, 0.0, 0.0, 0.0] (expected [3.0, 0.6, 1.35, 1.1])
[15.62, 18.57, 0.95, 2.19, 2.36, 3.55] => [3.4545202255249023, 0.0, 0.0, 0.0] (expected [3.0, 0.6, 1.35, 1.6])
-----------------------------------------------------
[7.28, 7.11, 0.66, 2.21, 1.89, 3.92] => [4.989554405212402, 2.478325843811035, 0.0, 0.0] (expected [4.0, 2.1, 0.85, 1.1])
[10.06, 5.93, 0.85, 2.41, 2.31, 4.1] => [4.248530387878418, 2.2242488861083984, 0.0, 0.0] (expected [4.0, 2.1, 0.85, 0.6])
[68.2, 6.48, 1.79, 3.3, 3.32, 5.01] => [4.171270370483398, 2.6819448471069336, 0.0, 0.0] (expected [4.0, 2.1, 0.85, 0.1])
[9.79, 8.16, 0.7, 1.75, 1.88, 2.9] => [4.820178031921387, 1.8345375061035156, 0.0, 0.0] (expected [4.0, 1.6, 1.85, 1.6])
[12.55, 7.49, 0.79, 1.86, 2.17, 3.02] => [4.114555358886719, 1.4904018640518188, 0.0, 0.0] (expected [4.0, 1.6, 1.85, 1.1])
[21.34, 7.1, 1.09, 2.1, 2.59, 3.25] => [3.562451124191284, 1.2522506713867188, 0.0, 0.0] (expected [4.0, 1.6, 1.85, 0.6])
[209.0, 10.23, 1.7, 2.78, 2.94, 3.93] => [4.146803855895996, 1.7219605445861816, 0.0, 0.0] (expected [4.0, 1.6, 1.85, 0.1])
[9.38, 9.46, 0.66, 1.92, 1.79, 3.26] => [5.008930206298828, 1.7524664402008057, 0.0, 0.0] (expected [4.0, 1.6, 1.35, 1.6])
[11.75, 8.57, 0.77, 2.01, 2.01, 3.37] => [4.585030555725098, 1.6870688199996948, 0.0, 0.0] (expected [4.0, 1.6, 1.35, 1.1])
[18.73, 7.79, 1.04, 2.24, 2.4, 3.58] => [3.9566264152526855, 1.5030243396759033, 0.0, 0.0] (expected [4.0, 1.6, 1.35, 0.6])
[154.54, 9.83, 1.73, 2.96, 3.03, 4.3] => [3.9016544818878174, 1.7575178146362305, 0.0, 0.0] (expected [4.0, 1.6, 1.35, 0.1])
[9.0, 11.81, 0.63, 2.23, 1.71, 3.94] => [5.13521671295166, 1.4850993156433105, 0.0, 0.0] (expected [4.0, 1.6, 0.85, 1.6])
[11.05, 10.58, 0.75, 2.33, 1.91, 4.03] => [4.83089017868042, 1.5565322637557983, 0.0, 0.0] (expected [4.0, 1.6, 0.85, 1.1])
[16.61, 9.28, 0.96, 2.51, 2.27, 4.21] => [4.215562343597412, 1.4868426322937012, 0.0, 0.0] (expected [4.0, 1.6, 0.85, 0.6])
[105.45, 9.69, 1.69, 3.24, 3.12, 4.94] => [4.114001274108887, 1.837583303451538, 0.0, 0.0] (expected [4.0, 1.6, 0.85, 0.1])
-----------------------------------------------------
[11.49, 7.08, 0.96, 2.49, 2.49, 4.21] => [3.700477361679077, 1.5611095428466797, 0.0, 0.0] (expected [3.5, 1.6, 0.85, 0.6])
[75.13, 7.6, 1.91, 3.42, 3.53, 5.11] => [3.6226413249969482, 2.055720567703247, 0.0, 0.0] (expected [3.5, 1.6, 0.85, 0.1])
[11.7, 10.45, 0.76, 1.84, 2.12, 3.01] => [3.9147112369537354, 0.5893683433532715, 0.0, 0.0] (expected [3.5, 1.1, 1.85, 1.6])
[15.39, 9.71, 0.92, 1.99, 2.42, 3.14] => [3.3299880027770996, 0.37827467918395996, 0.0, 0.0] (expected [3.5, 1.1, 1.85, 1.1])
[229.41, 12.28, 1.82, 2.9, 3.28, 4.05] => [3.4906373023986816, 0.5987637042999268, 0.0, 0.0] (expected [3.5, 1.1, 1.85, 0.1])
[11.18, 12.12, 0.79, 2.01, 1.99, 3.37] => [4.339337348937988, 0.8604286909103394, 0.0, 0.0] (expected [3.5, 1.1, 1.35, 1.6])
[14.36, 11.12, 0.89, 2.12, 2.24, 3.49] => [3.804983139038086, 0.4937934875488281, 0.0, 0.0] (expected [3.5, 1.1, 1.35, 1.1])
[23.43, 10.26, 1.11, 2.35, 2.64, 3.71] => [3.1838536262512207, 0.28094935417175293, 0.0, 0.0] (expected [3.5, 1.1, 1.35, 0.6])
[179.05, 12.26, 1.82, 3.09, 3.33, 4.43] => [3.2212371826171875, 0.535083532333374, 0.0, 0.0] (expected [3.5, 1.1, 1.35, 0.1])
[10.73, 15.14, 0.77, 2.35, 1.88, 4.04] => [4.590409278869629, 1.0498605966567993, 0.0, 0.0] (expected [3.5, 1.1, 0.85, 1.6])
[13.45, 13.73, 0.88, 2.44, 2.1, 4.14] => [4.184264659881592, 0.720162034034729, 0.0, 0.0] (expected [3.5, 1.1, 0.85, 1.1])
[20.85, 12.27, 1.09, 2.64, 2.46, 4.34] => [3.5841376781463623, 0.3160359859466553, 0.0, 0.0] (expected [3.5, 1.1, 0.85, 0.6])
[129.96, 12.64, 1.83, 3.37, 3.35, 5.08] => [3.2869935035705566, 0.5709939002990723, 0.0, 0.0] (expected [3.5, 1.1, 0.85, 0.1])
[22.97, 20.67, 0.99, 2.01, 2.26, 3.17] => [3.62562894821167, 0.046242475509643555, 0.0, 0.0] (expected [3.5, 0.6, 1.85, 1.6])
[31.78, 19.84, 1.07, 2.13, 2.5, 3.29] => [3.4735255241394043, 0.0, 0.0, 0.0] (expected [3.5, 0.6, 1.85, 1.1])
-----------------------------------------------------
[10.31, 11.95, 0.6, 2.19, 1.51, 3.88] => [5.782380104064941, 2.0099551677703857, 0.0, 0.0] (expected [5.0, 2.1, 0.85, 1.6])
[12.82, 10.82, 0.68, 2.26, 1.67, 3.96] => [5.529195785522461, 2.035301923751831, 0.0, 0.0] (expected [5.0, 2.1, 0.85, 1.1])
[19.68, 9.64, 0.85, 2.42, 1.95, 4.12] => [5.129483222961426, 2.1028313636779785, 0.0, 0.0] (expected [5.0, 2.1, 0.85, 0.6])
[124.0, 9.99, 1.46, 3.02, 2.67, 4.73] => [4.925281524658203, 2.295797824859619, 0.0, 0.0] (expected [5.0, 2.1, 0.85, 0.1])
[16.67, 12.15, 0.66, 1.74, 1.63, 2.9] => [5.370157718658447, 1.7081470489501953, 0.0, 0.0] (expected [5.0, 1.6, 1.85, 1.6])
[22.43, 11.51, 0.81, 1.84, 1.78, 2.99] => [5.267581939697266, 1.627724528312683, 0.0, 0.0] (expected [5.0, 1.6, 1.85, 1.1])
[39.34, 11.16, 0.97, 2.01, 2.04, 3.16] => [4.985378265380859, 1.4592653512954712, 0.0, 0.0] (expected [5.0, 1.6, 1.85, 0.6])
[318.34, 13.85, 1.47, 2.53, 2.48, 3.68] => [4.598106384277344, 1.785592794418335, 0.0, 0.0] (expected [5.0, 1.6, 1.85, 0.1])
[15.99, 13.99, 0.69, 1.92, 1.58, 3.27] => [5.510198593139648, 1.8147801160812378, 0.0, 0.0] (expected [5.0, 1.6, 1.35, 1.6])
[21.11, 13.11, 0.77, 2.0, 1.73, 3.36] => [5.294809341430664, 1.6419607400894165, 0.0, 0.0] (expected [5.0, 1.6, 1.35, 1.1])
[35.45, 12.38, 0.92, 2.17, 1.97, 3.52] => [5.0523834228515625, 1.4532628059387207, 0.0, 0.0] (expected [5.0, 1.6, 1.35, 0.6])
[256.76, 14.1, 1.45, 2.69, 2.52, 4.05] => [5.445450782775879, 1.8622777462005615, 0.0, 0.0] (expected [5.0, 1.6, 1.35, 0.1])
[15.36, 17.37, 0.66, 2.26, 1.54, 3.96] => [5.467276573181152, 1.7672145366668701, 0.0, 0.0] (expected [5.0, 1.6, 0.85, 1.6])
[19.87, 16.11, 0.75, 2.33, 1.69, 4.04] => [5.282055377960205, 1.6181632280349731, 0.0, 0.0] (expected [5.0, 1.6, 0.85, 1.1])
[32.06, 14.82, 0.9, 2.47, 1.94, 4.19] => [4.996587753295898, 1.393089771270752, 0.0, 0.0] (expected [5.0, 1.6, 0.85, 0.6])
-----------------------------------------------------
[10.82, 6.88, 0.52, 1.55, 1.33, 2.71] => [6.506743431091309, 3.42799711227417, 0.0, 0.0] (expected [7.0, 3.6, 1.85, 1.6])
[13.91, 6.38, 0.58, 1.63, 1.48, 2.79] => [6.2179412841796875, 3.3630354404449463, 0.0, 0.0] (expected [7.0, 3.6, 1.85, 1.1])
[23.94, 6.08, 0.8, 1.79, 1.71, 2.95] => [6.032477378845215, 3.4058940410614014, 0.0, 0.0] (expected [7.0, 3.6, 1.85, 0.6])
[244.11, 8.84, 1.27, 2.31, 2.07, 3.47] => [5.810849666595459, 2.9042084217071533, 0.0, 0.0] (expected [7.0, 3.6, 1.85, 0.1])
[10.38, 7.92, 0.52, 1.74, 1.29, 3.08] => [6.620579719543457, 3.358971357345581, 0.0, 0.0] (expected [7.0, 3.6, 1.35, 1.6])
[13.1, 7.24, 0.62, 1.8, 1.44, 3.15] => [6.395413398742676, 3.3905234336853027, 0.0, 0.0] (expected [7.0, 3.6, 1.35, 1.1])
[21.11, 6.65, 0.74, 1.95, 1.67, 3.3] => [6.045218467712402, 3.3467583656311035, 0.0, 0.0] (expected [7.0, 3.6, 1.35, 0.6])
[176.29, 8.35, 1.27, 2.48, 2.16, 3.84] => [6.182039260864258, 3.378077983856201, 0.0, 0.0] (expected [7.0, 3.6, 1.35, 0.1])
[9.99, 9.82, 0.49, 2.06, 1.26, 3.77] => [6.618640899658203, 3.0629851818084717, 0.0, 0.0] (expected [7.0, 3.6, 0.85, 1.6])
[12.31, 8.87, 0.6, 2.13, 1.39, 3.83] => [6.507787704467773, 3.251120090484619, 0.0, 0.0] (expected [7.0, 3.6, 0.85, 1.1])
[18.82, 7.88, 0.75, 2.24, 1.62, 3.95] => [6.199297904968262, 3.3287196159362793, 0.0, 0.0] (expected [7.0, 3.6, 0.85, 0.6])
[119.6, 8.22, 1.27, 2.77, 2.22, 4.48] => [6.14627742767334, 3.521555185317993, 0.0, 0.0] (expected [7.0, 3.6, 0.85, 0.1])
[14.43, 8.89, 0.56, 1.59, 1.31, 2.75] => [6.51290225982666, 2.969485282897949, 0.0, 0.0] (expected [7.0, 3.1, 1.85, 1.6])
[19.14, 8.37, 0.63, 1.67, 1.45, 2.83] => [6.302697658538818, 2.9804701805114746, 0.0, 0.0] (expected [7.0, 3.1, 1.85, 1.1])
[33.23, 8.07, 0.8, 1.82, 1.65, 2.97] => [6.20411491394043, 3.0964341163635254, 0.0, 0.0] (expected [7.0, 3.1, 1.85, 0.6])